221
84
222
88
223
92
224
96
225
100
226
104
228
108
229
112
230
116
232
120
233
124
235
128
236
132
238
136
240
140
242
143
244
147
246
150
248
153
250
156
253
159
256
162
258
166
261
169
264
172
268
174
271
176
274
178
278
179
282
180
286
181
290
181
294
181
298
181
302
181
306
181
310
182
314
182
318
183
322
182
326
182
330
180
334
179
338
177
341
174
345
172
348
169
351
166
354
163
357
160
359
156
361
153
363
150
365
147
367
143
369
140
371
136
373
132
375
128
376
124
378
120
379
116
381
112
382
108
383
104
384
100
385
96
386
92
387
88
389
85
